000000
000041
000082
000123
000164
000206
000247
000288
000329
000370
000411
000452
000493
000534
000576
000617
000658
000699
000740
000781
000822
000863
000904
000946
000987
001028
001069
001110
001151
001192
001233
001274
001316
001357
001398
001439
001480
001521
001562
001603
001644
001686
001727
001768
001809
001850
001891
001932
001973
002014
002056
002097
002138
002179
002220
002261
002302
002343
002384
002426
002467
002508
002549
002590
002631
002672
002713
002754
002796
002837
002878
002919
002960
003001
003042
003083
003124
003166
003207
003248
003289
003330
003371
003412
003453
003494
003536
003577
003618
003659
003700
003741
003782
003823
003864
003906
003947
003988
004029
004070
